123456788 123456789 -1
123456780 99999999 1
9876543210123456789 9876543210123456789 0
1999999999 2000000000 -1
1234567892123456789 1234567891123456789 1
987654321 9876543210 -1
1234567890123456789012345 1234567890123456789012345 0
123456789012345 123456789012346 -1
98765123456789012345 98765123456789012344 1
123456789012345 223456789012345 -1
323456789012345 223456789012345 1
12345678901234567890 12345677901234567890 1
123455789012345 123456789012345 -1
1111111111111111111111111 999999999999999999999999  1
199999999999999 200000000000000 -1
