4132024431
3854963512
7986987943

6034132024431
   3854963512
6037986987943

5748296375
3854963517
9603259892

 7748296375
 3854963517
11603259892

19999999999999999999
                   1
20000000000000000000

12345678901234567890
          3615221105
12345678904849788995

          67523
987654321031242
987654321098765

                        1
 999999999999999999999999
1000000000000000000000000

 10825495001623759131019162757
112631294010721919770215405133
123456789012345678901234567890

3
4
7

199999999999999999999999
456789123456789012345678
656789123456789012345677

1234567890123456789011111
                     1234
1234567890123456789012345

 567890123456789012345678
 784539898796420998876757
1352430022253210011222435

 12345678901236
111111110111109
123456789012345

              9
123456789012346
123456789012355

 3456789012345678901
 8888889888888888989
12345678901234567890

 234567891
 999999999
1234567890
