12345678901234567890 + 3615221105 12345678904849788995

987654321098765 - 67523 987654321031242

 999999999999999999999999 + 1 1000000000000000000000000

123456789012345678901234567890 - 10825495001623759131019162757 112631294010721919770215405133

100000000000000 - 1 99999999999999

 199999999999999999999999 + 1 200000000000000000000000

7-3 4

 199999999999999999999999+ 456789123456789012345678 656789123456789012345677

1234567890123456789012345 -1234567890123456789011111 1234

 567890123456789012345678+784539898796420998876757 1352430022253210011222435

123456789012345 - 12345678901236 111111110111109

123456789012355 - 123456789012346 9

12345678901234567890 - 3456789012345678901 8888889888888888989

1234567890 - 234567891 999999999

123456789012345678901234567890 - 123456789012345678901234567890 0
